{
 "cells": [
  {
   "cell_type": "code",
   "execution_count": 26,
   "metadata": {},
   "outputs": [],
   "source": [
    "import pandas as pd\n",
    "from transformers import pipeline\n",
    "import re"
   ]
  },
  {
   "cell_type": "code",
   "execution_count": 27,
   "metadata": {},
   "outputs": [],
   "source": [
    "df = pd.read_csv(\"data/stock_tweets.csv\")\n",
    "\n",
    "# Data Preprocessing to remove noise\n",
    "def clean_tweet(text):\n",
    "    # Remove mentions\n",
    "    text = re.sub(r'@\\w+', '', text)\n",
    "    # Remove hashtags\n",
    "    text = re.sub(r'#\\w+', '', text)\n",
    "    # Remove URLs\n",
    "    text = re.sub(r'http\\S+|www\\S+', '', text)\n",
    "    # Remove emojis using Unicode ranges\n",
    "    text = re.sub(r'[\\U0001F600-\\U0001F64F'\n",
    "                  r'\\U0001F300-\\U0001F5FF'\n",
    "                  r'\\U0001F680-\\U0001F6FF'\n",
    "                  r'\\U0001F700-\\U0001F77F'\n",
    "                  r'\\U0001F780-\\U0001F7FF'\n",
    "                  r'\\U0001F800-\\U0001F8FF'\n",
    "                  r'\\U0001F900-\\U0001F9FF'\n",
    "                  r'\\U0001FA00-\\U0001FA6F'\n",
    "                  r'\\U0001FA70-\\U0001FAFF'\n",
    "                  r'\\U00002702-\\U000027B0'\n",
    "                  r'\\U000024C2-\\U0001F251]', '', text)\n",
    "    return text.strip()\n",
    "\n",
    "\n",
    "# Apply the function to the \"tweet\" column\n",
    "df['Tweet'] = df['Tweet'].apply(clean_tweet)\n",
    "\n",
    "df.head()\n",
    "# #For testing purposes\n",
    "df.to_csv(\"new_tweets.csv\", index=False)"
   ]
  },
  {
   "cell_type": "markdown",
   "metadata": {},
   "source": [
    "# Finbert"
   ]
  },
  {
   "cell_type": "code",
   "execution_count": 28,
   "metadata": {},
   "outputs": [],
   "source": [
    "from transformers import AutoTokenizer, AutoModelForSequenceClassification"
   ]
  },
  {
   "cell_type": "code",
   "execution_count": 29,
   "metadata": {},
   "outputs": [
    {
     "name": "stdout",
     "output_type": "stream",
     "text": [
      "{'input_ids': tensor([[  101,  7731,  2865,  ...,     0,     0,     0],\n",
      "        [  101, 26060,  6959,  ...,     0,     0,     0],\n",
      "        [  101,  1017,  1013,  ...,     0,     0,     0],\n",
      "        ...,\n",
      "        [  101,  1523,  1996,  ...,     0,     0,     0],\n",
      "        [  101,  1042, 16150,  ...,     0,     0,     0],\n",
      "        [  101,  1000,  2065,  ...,     0,     0,     0]]), 'token_type_ids': tensor([[0, 0, 0,  ..., 0, 0, 0],\n",
      "        [0, 0, 0,  ..., 0, 0, 0],\n",
      "        [0, 0, 0,  ..., 0, 0, 0],\n",
      "        ...,\n",
      "        [0, 0, 0,  ..., 0, 0, 0],\n",
      "        [0, 0, 0,  ..., 0, 0, 0],\n",
      "        [0, 0, 0,  ..., 0, 0, 0]]), 'attention_mask': tensor([[1, 1, 1,  ..., 0, 0, 0],\n",
      "        [1, 1, 1,  ..., 0, 0, 0],\n",
      "        [1, 1, 1,  ..., 0, 0, 0],\n",
      "        ...,\n",
      "        [1, 1, 1,  ..., 0, 0, 0],\n",
      "        [1, 1, 1,  ..., 0, 0, 0],\n",
      "        [1, 1, 1,  ..., 0, 0, 0]])}\n"
     ]
    }
   ],
   "source": [
    "tokenizer = AutoTokenizer.from_pretrained(\"ProsusAI/finbert\")\n",
    "model = AutoModelForSequenceClassification.from_pretrained(\"ProsusAI/finbert\")\n",
    "\n",
    "inputs = tokenizer(list(df['Tweet'][:100]), padding = True, truncation = True, return_tensors='pt')\n",
    "print(inputs)"
   ]
  },
  {
   "cell_type": "code",
   "execution_count": 30,
   "metadata": {},
   "outputs": [
    {
     "name": "stdout",
     "output_type": "stream",
     "text": [
      "torch.Size([100, 3])\n"
     ]
    }
   ],
   "source": [
    "outputs = model(**inputs)\n",
    "print(outputs.logits.shape)\n"
   ]
  },
  {
   "cell_type": "code",
   "execution_count": 31,
   "metadata": {},
   "outputs": [
    {
     "name": "stdout",
     "output_type": "stream",
     "text": [
      "tensor([[0.2052, 0.0749, 0.7200],\n",
      "        [0.0374, 0.0221, 0.9405],\n",
      "        [0.0488, 0.0202, 0.9310],\n",
      "        [0.0499, 0.1172, 0.8329],\n",
      "        [0.0364, 0.5094, 0.4542],\n",
      "        [0.0523, 0.0337, 0.9140],\n",
      "        [0.0748, 0.2867, 0.6385],\n",
      "        [0.0563, 0.4408, 0.5029],\n",
      "        [0.0596, 0.0172, 0.9232],\n",
      "        [0.0147, 0.8964, 0.0889],\n",
      "        [0.0274, 0.0257, 0.9470],\n",
      "        [0.0313, 0.0938, 0.8749],\n",
      "        [0.0377, 0.0486, 0.9137],\n",
      "        [0.0489, 0.2886, 0.6625],\n",
      "        [0.1142, 0.0201, 0.8657],\n",
      "        [0.4993, 0.0198, 0.4809],\n",
      "        [0.3407, 0.0143, 0.6450],\n",
      "        [0.0641, 0.0226, 0.9134],\n",
      "        [0.0333, 0.0218, 0.9449],\n",
      "        [0.0395, 0.0208, 0.9397],\n",
      "        [0.0474, 0.0138, 0.9388],\n",
      "        [0.1348, 0.0117, 0.8535],\n",
      "        [0.0465, 0.0384, 0.9152],\n",
      "        [0.0407, 0.0172, 0.9421],\n",
      "        [0.0451, 0.2299, 0.7250],\n",
      "        [0.0410, 0.1210, 0.8380],\n",
      "        [0.1278, 0.0134, 0.8588],\n",
      "        [0.0762, 0.0133, 0.9105],\n",
      "        [0.0636, 0.0314, 0.9050],\n",
      "        [0.0546, 0.6025, 0.3429],\n",
      "        [0.8739, 0.0658, 0.0604],\n",
      "        [0.2075, 0.0246, 0.7679],\n",
      "        [0.4670, 0.0433, 0.4897],\n",
      "        [0.1388, 0.0178, 0.8435],\n",
      "        [0.0276, 0.9367, 0.0357],\n",
      "        [0.0831, 0.7869, 0.1300],\n",
      "        [0.8399, 0.0175, 0.1426],\n",
      "        [0.0506, 0.0493, 0.9001],\n",
      "        [0.1609, 0.0253, 0.8139],\n",
      "        [0.0357, 0.0557, 0.9086],\n",
      "        [0.1609, 0.0253, 0.8139],\n",
      "        [0.0359, 0.0598, 0.9043],\n",
      "        [0.2920, 0.0096, 0.6984],\n",
      "        [0.0152, 0.8580, 0.1268],\n",
      "        [0.0460, 0.3955, 0.5585],\n",
      "        [0.3079, 0.0164, 0.6757],\n",
      "        [0.0287, 0.1720, 0.7993],\n",
      "        [0.1158, 0.0123, 0.8719],\n",
      "        [0.0373, 0.0370, 0.9257],\n",
      "        [0.0281, 0.0797, 0.8922],\n",
      "        [0.0436, 0.0267, 0.9297],\n",
      "        [0.0419, 0.8322, 0.1259],\n",
      "        [0.0405, 0.4086, 0.5509],\n",
      "        [0.0749, 0.0208, 0.9042],\n",
      "        [0.0611, 0.0149, 0.9240],\n",
      "        [0.0635, 0.0401, 0.8964],\n",
      "        [0.0407, 0.0293, 0.9300],\n",
      "        [0.0551, 0.0273, 0.9176],\n",
      "        [0.9095, 0.0129, 0.0776],\n",
      "        [0.0204, 0.5292, 0.4504],\n",
      "        [0.0778, 0.0296, 0.8925],\n",
      "        [0.1067, 0.0256, 0.8677],\n",
      "        [0.0171, 0.8891, 0.0937],\n",
      "        [0.0395, 0.0302, 0.9303],\n",
      "        [0.3097, 0.0500, 0.6404],\n",
      "        [0.2668, 0.0113, 0.7219],\n",
      "        [0.0111, 0.9001, 0.0887],\n",
      "        [0.0874, 0.0359, 0.8767],\n",
      "        [0.1431, 0.1414, 0.7155],\n",
      "        [0.1519, 0.0207, 0.8274],\n",
      "        [0.0163, 0.9455, 0.0382],\n",
      "        [0.1382, 0.3005, 0.5613],\n",
      "        [0.7266, 0.0504, 0.2230],\n",
      "        [0.6085, 0.0125, 0.3790],\n",
      "        [0.2106, 0.2172, 0.5722],\n",
      "        [0.0448, 0.0227, 0.9325],\n",
      "        [0.0428, 0.0758, 0.8814],\n",
      "        [0.1865, 0.0219, 0.7917],\n",
      "        [0.1752, 0.0199, 0.8049],\n",
      "        [0.0841, 0.2994, 0.6166],\n",
      "        [0.0379, 0.0209, 0.9412],\n",
      "        [0.0363, 0.4400, 0.5237],\n",
      "        [0.0372, 0.5683, 0.3945],\n",
      "        [0.0304, 0.0661, 0.9034],\n",
      "        [0.1332, 0.2228, 0.6440],\n",
      "        [0.1506, 0.0110, 0.8384],\n",
      "        [0.0955, 0.0314, 0.8731],\n",
      "        [0.0402, 0.0241, 0.9356],\n",
      "        [0.0471, 0.0189, 0.9340],\n",
      "        [0.0188, 0.9359, 0.0453],\n",
      "        [0.0370, 0.1750, 0.7880],\n",
      "        [0.5785, 0.0103, 0.4112],\n",
      "        [0.0393, 0.0571, 0.9036],\n",
      "        [0.0532, 0.0470, 0.8998],\n",
      "        [0.1297, 0.0397, 0.8306],\n",
      "        [0.0786, 0.0116, 0.9098],\n",
      "        [0.1149, 0.0091, 0.8760],\n",
      "        [0.1276, 0.0101, 0.8623],\n",
      "        [0.1297, 0.0150, 0.8553],\n",
      "        [0.0501, 0.3028, 0.6471]], grad_fn=<SoftmaxBackward0>)\n"
     ]
    }
   ],
   "source": [
    "import torch\n",
    "\n",
    "predictions = torch.nn.functional.softmax(outputs.logits, dim=-1)\n",
    "print(predictions)\n"
   ]
  },
  {
   "cell_type": "code",
   "execution_count": 32,
   "metadata": {},
   "outputs": [
    {
     "data": {
      "text/html": [
       "<div>\n",
       "<style scoped>\n",
       "    .dataframe tbody tr th:only-of-type {\n",
       "        vertical-align: middle;\n",
       "    }\n",
       "\n",
       "    .dataframe tbody tr th {\n",
       "        vertical-align: top;\n",
       "    }\n",
       "\n",
       "    .dataframe thead th {\n",
       "        text-align: right;\n",
       "    }\n",
       "</style>\n",
       "<table border=\"1\" class=\"dataframe\">\n",
       "  <thead>\n",
       "    <tr style=\"text-align: right;\">\n",
       "      <th></th>\n",
       "      <th>Date</th>\n",
       "      <th>Tweet</th>\n",
       "      <th>Stock Name</th>\n",
       "      <th>Company Name</th>\n",
       "    </tr>\n",
       "  </thead>\n",
       "  <tbody>\n",
       "    <tr>\n",
       "      <th>0</th>\n",
       "      <td>2022-09-29 23:41:16+00:00</td>\n",
       "      <td>Mainstream media has done an amazing job at br...</td>\n",
       "      <td>TSLA</td>\n",
       "      <td>Tesla, Inc.</td>\n",
       "    </tr>\n",
       "    <tr>\n",
       "      <th>1</th>\n",
       "      <td>2022-09-29 23:24:43+00:00</td>\n",
       "      <td>Tesla delivery estimates are at around 364k fr...</td>\n",
       "      <td>TSLA</td>\n",
       "      <td>Tesla, Inc.</td>\n",
       "    </tr>\n",
       "    <tr>\n",
       "      <th>2</th>\n",
       "      <td>2022-09-29 23:18:08+00:00</td>\n",
       "      <td>3/ Even if I include 63.0M unvested RSUs as of...</td>\n",
       "      <td>TSLA</td>\n",
       "      <td>Tesla, Inc.</td>\n",
       "    </tr>\n",
       "    <tr>\n",
       "      <th>3</th>\n",
       "      <td>2022-09-29 22:40:07+00:00</td>\n",
       "      <td>Hahaha why are you still trying to stop Tesla ...</td>\n",
       "      <td>TSLA</td>\n",
       "      <td>Tesla, Inc.</td>\n",
       "    </tr>\n",
       "    <tr>\n",
       "      <th>4</th>\n",
       "      <td>2022-09-29 22:27:05+00:00</td>\n",
       "      <td>Stop trying to kill kids, you sad deranged old...</td>\n",
       "      <td>TSLA</td>\n",
       "      <td>Tesla, Inc.</td>\n",
       "    </tr>\n",
       "  </tbody>\n",
       "</table>\n",
       "</div>"
      ],
      "text/plain": [
       "                        Date  \\\n",
       "0  2022-09-29 23:41:16+00:00   \n",
       "1  2022-09-29 23:24:43+00:00   \n",
       "2  2022-09-29 23:18:08+00:00   \n",
       "3  2022-09-29 22:40:07+00:00   \n",
       "4  2022-09-29 22:27:05+00:00   \n",
       "\n",
       "                                               Tweet Stock Name Company Name  \n",
       "0  Mainstream media has done an amazing job at br...       TSLA  Tesla, Inc.  \n",
       "1  Tesla delivery estimates are at around 364k fr...       TSLA  Tesla, Inc.  \n",
       "2  3/ Even if I include 63.0M unvested RSUs as of...       TSLA  Tesla, Inc.  \n",
       "3  Hahaha why are you still trying to stop Tesla ...       TSLA  Tesla, Inc.  \n",
       "4  Stop trying to kill kids, you sad deranged old...       TSLA  Tesla, Inc.  "
      ]
     },
     "execution_count": 32,
     "metadata": {},
     "output_type": "execute_result"
    }
   ],
   "source": [
    "df.head()"
   ]
  },
  {
   "cell_type": "code",
   "execution_count": 33,
   "metadata": {},
   "outputs": [
    {
     "data": {
      "text/html": [
       "<div>\n",
       "<style scoped>\n",
       "    .dataframe tbody tr th:only-of-type {\n",
       "        vertical-align: middle;\n",
       "    }\n",
       "\n",
       "    .dataframe tbody tr th {\n",
       "        vertical-align: top;\n",
       "    }\n",
       "\n",
       "    .dataframe thead th {\n",
       "        text-align: right;\n",
       "    }\n",
       "</style>\n",
       "<table border=\"1\" class=\"dataframe\">\n",
       "  <thead>\n",
       "    <tr style=\"text-align: right;\">\n",
       "      <th></th>\n",
       "      <th>Tweet</th>\n",
       "      <th>Positive</th>\n",
       "      <th>Negative</th>\n",
       "      <th>Neutral</th>\n",
       "    </tr>\n",
       "  </thead>\n",
       "  <tbody>\n",
       "    <tr>\n",
       "      <th>42</th>\n",
       "      <td>Being a $TSLA investor since 2017 has made me ...</td>\n",
       "      <td>0.291987</td>\n",
       "      <td>0.009600</td>\n",
       "      <td>0.698413</td>\n",
       "    </tr>\n",
       "    <tr>\n",
       "      <th>72</th>\n",
       "      <td>Jobless claims coming up in 2 min. Would love ...</td>\n",
       "      <td>0.726594</td>\n",
       "      <td>0.050445</td>\n",
       "      <td>0.222961</td>\n",
       "    </tr>\n",
       "    <tr>\n",
       "      <th>5</th>\n",
       "      <td>This is you</td>\n",
       "      <td>0.052280</td>\n",
       "      <td>0.033737</td>\n",
       "      <td>0.913983</td>\n",
       "    </tr>\n",
       "    <tr>\n",
       "      <th>69</th>\n",
       "      <td>Don’t be scared. Don’t panic. \\r\\n\\r\\nThese ar...</td>\n",
       "      <td>0.151902</td>\n",
       "      <td>0.020714</td>\n",
       "      <td>0.827384</td>\n",
       "    </tr>\n",
       "    <tr>\n",
       "      <th>58</th>\n",
       "      <td>This supports my comments yesterday that full-...</td>\n",
       "      <td>0.909549</td>\n",
       "      <td>0.012876</td>\n",
       "      <td>0.077574</td>\n",
       "    </tr>\n",
       "  </tbody>\n",
       "</table>\n",
       "</div>"
      ],
      "text/plain": [
       "                                                Tweet  Positive  Negative  \\\n",
       "42  Being a $TSLA investor since 2017 has made me ...  0.291987  0.009600   \n",
       "72  Jobless claims coming up in 2 min. Would love ...  0.726594  0.050445   \n",
       "5                                         This is you  0.052280  0.033737   \n",
       "69  Don’t be scared. Don’t panic. \\r\\n\\r\\nThese ar...  0.151902  0.020714   \n",
       "58  This supports my comments yesterday that full-...  0.909549  0.012876   \n",
       "\n",
       "     Neutral  \n",
       "42  0.698413  \n",
       "72  0.222961  \n",
       "5   0.913983  \n",
       "69  0.827384  \n",
       "58  0.077574  "
      ]
     },
     "execution_count": 33,
     "metadata": {},
     "output_type": "execute_result"
    }
   ],
   "source": [
    "positive = predictions[:, 0].tolist()\n",
    "negative = predictions[:, 1].tolist()\n",
    "neutral = predictions[:, 2].tolist()\n",
    "\n",
    "\n",
    "table = {'Tweet':df['Tweet'][:100],\n",
    "         \"Positive\":positive,\n",
    "         \"Negative\":negative, \n",
    "         \"Neutral\":neutral}\n",
    "      \n",
    "df = pd.DataFrame(table, columns = [\"Tweet\", \"Positive\", \"Negative\", \"Neutral\"])\n",
    "\n",
    "\n",
    "df.sample(5)\n"
   ]
  }
 ],
 "metadata": {
  "kernelspec": {
   "display_name": "Python 3",
   "language": "python",
   "name": "python3"
  },
  "language_info": {
   "codemirror_mode": {
    "name": "ipython",
    "version": 3
   },
   "file_extension": ".py",
   "mimetype": "text/x-python",
   "name": "python",
   "nbconvert_exporter": "python",
   "pygments_lexer": "ipython3",
   "version": "3.10.6"
  }
 },
 "nbformat": 4,
 "nbformat_minor": 2
}
